53 110
0 1
1 2
0 3
0 4
0 5
1 3
2 3
3 4
4 5
0 6
0 7
1 7
1 8
6 7
7 8
0 9
6 9
7 9
8 9
6 10
9 10
7 11
8 11
9 11
10 11
8 12
11 12
13 14
14 15
14 16
14 17
15 16
15 17
16 17
13 15
13 16
13 17
14 18
14 19
18 19
13 19
19 20
13 21
13 22
13 23
13 24
21 22
22 23
23 24
22 25
23 25
26 27
26 28
27 28
26 29
28 29
28 30
28 31
27 31
29 30
30 31
26 32
27 32
27 33
27 34
32 33
33 34
26 35
32 35
33 35
26 36
33 36
34 36
35 36
34 37
36 37
36 38
37 38
26 39
36 39
40 41
40 42
40 43
40 44
40 45
41 42
42 43
43 44
44 45
41 46
41 47
46 47
40 48
41 48
47 48
40 49
48 49
40 50
49 50
40 51
48 51
49 51
50 51
48 52
50 52
51 52
0 14
13 40
13 27
10 41
